100
94 -41 201 -51 75 257
-98 23 287 -4 -7 383
-29 3 351 -93 73 337
71 -96 63 17 71 353
74 53 125 78 -87 297
-76 -63 161 -51 89 231
17 -100 116 -66 18 145
-40 95 267 34 -20 226
-67 -88 268 45 -34 3
29 -46 166 22 -91 105
33 25 358 0 41 257
53 -91 329 55 -51 291
5 51 361 -96 -28 201
66 -88 1 -94 -67 333
41 89 11 71 -88 141
-95 -90 153 -88 74 1
14 4 261 -19 -79 1
12 14 117 36 25 367
-9 89 317 38 78 52
90 2 295 -22 -18 355
1 -86 101 38 77 329
-71 57 343 7 26 258
29 -34 24 23 98 157
85 62 301 30 63 41
38 -58 193 73 84 356
97 77 89 -49 38 318
-52 95 391 58 20 181
-73 -31 121 0 -76 161
11 27 301 14 98 291
29 88 372 -95 42 145
48 -43 169 53 80 26
-27 -80 97 80 -83 265
-31 -19 133 -93 -76 108
96 -59 305 -97 36 396
-70 98 379 -99 41 17
83 -46 216 -100 -66 265
20 34 326 67 -13 201
-19 92 329 65 -79 238
-100 72 261 66 53 27
74 -30 342 54 53 308
-11 64 305 91 -37 11
-10 -67 231 -28 -78 16
0 64 191 -67 45 183
-43 25 59 23 10 273
10 -76 113 2 24 373
-100 11 345 26 50 313
42 -34 283 -83 -67 373
-83 -84 180 38 -81 281
-84 -55 1 29 29 91
91 92 160 39 -54 173
83 67 200 -94 35 94
74 -72 249 -79 40 93
-74 -82 276 74 -20 327
66 17 290 57 47 285
85 -19 396 -37 44 315
0 -37 17 -22 53 31
17 -97 199 15 80 296
46 26 341 95 66 83
-94 33 201 -92 56 161
96 15 1 -55 -28 273
-52 41 18 79 95 97
35 -67 249 57 -29 105
-37 15 237 14 71 89
-86 91 273 26 -54 125
-13 -4 317 -54 -46 81
68 -50 33 30 2 33
15 95 161 5 -25 349
-41 74 1 -93 -52 121
50 -82 171 -46 -86 83
-88 -54 305 53 -54 305
20 86 65 8 -48 286
-60 11 190 36 -90 161
-1 71 240 -80 -11 198
30 -74 371 34 53 81
41 -82 201 50 -79 97
-16 78 59 21 -37 301
-19 -52 368 64 -28 221
3 -91 25 -48 -33 76
-4 -65 200 -99 80 391
-76 -55 171 -96 -100 69
98 1 43 -70 55 305
64 3 114 -5 -9 188
32 -58 182 -33 -10 209
96 -61 201 -53 2 369
81 1 94 33 -64 205
88 86 183 51 50 305
-82 -80 116 -23 -87 253
83 60 321 65 -88 327
82 -92 251 -25 -21 145
-57 -60 229 -31 -56 329
41 -85 359 -25 -37 171
89 -43 321 47 32 381
-66 23 291 20 -54 99
-100 -100 101 59 61 254
-79 76 22 -41 97 331
56 57 373 29 -55 49
-100 26 203 74 53 101
78 70 337 84 -97 296
-3 67 127 -40 12 364
98 -38 118 -30 -79 81
